> phi <- 20
> conv <- FALSE
> while (!conv) {
+   phi.new <- 1+1/phi
+   conv <- phi==phi.new
+ print(c(!conv,phi))
+ phi = phi.new
+ }
[1]  1 20
[1] 1.00 1.05
[1] 1.000000 1.952381
[1] 1.000000 1.512195
[1] 1.00000 1.66129
[1] 1.000000 1.601942
[1] 1.000000 1.624242
[1] 1.000000 1.615672
[1] 1.000000 1.618938
[1] 1.000000 1.617689
[1] 1.000000 1.618166
[1] 1.000000 1.617984
[1] 1.000000 1.618053
[1] 1.000000 1.618027
[1] 1.000000 1.618037
[1] 1.000000 1.618033
[1] 1.000000 1.618034
[1] 1.000000 1.618034
[1] 1.000000 1.618034
[1] 1.000000 1.618034
[1] 1.000000 1.618034
[1] 1.000000 1.618034
[1] 1.000000 1.618034
[1] 1.000000 1.618034
[1] 1.000000 1.618034
[1] 1.000000 1.618034
[1] 1.000000 1.618034
[1] 1.000000 1.618034
[1] 1.000000 1.618034
[1] 1.000000 1.618034
[1] 1.000000 1.618034
[1] 1.000000 1.618034
[1] 1.000000 1.618034
[1] 1.000000 1.618034
[1] 1.000000 1.618034
[1] 1.000000 1.618034
[1] 1.000000 1.618034
[1] 1.000000 1.618034
[1] 1.000000 1.618034
[1] 0.000000 1.618034
> print(phi)
[1] 1.618034
> print(!conv)
[1] FALSE
> print(!conv)
